d2 = [1.685539967372642E-014 ; 2.675212882354689E-003;...
  6.032696453191903E-060 ; 7.548712809113566E-013 ; 9.257755978282547E-004;...
  2.826912328561208E-058 ;2.469510772906538E-013  ; 8.384927984363517E-004;...
  3.086478376450076E-030 ; 3.130196269188671E-094 ; 2.538111053436933E-029;...
  2.069244168338807E-114 ; 1.358144932333684E-004 ; 7.648670910426034E-004;...
  6.497904304515324E-136 ; 3.188907819720755E-002 ; 3.656152035553295E-037;...
  9.680729576301498E-090 ; 4.129111539724701E-004 ; 8.112675864103969E-032;...
  8.549042651684848E-222 ; 3.924633872272002E-083 ; 0.324494953492959;...
  9.264989200812215E-189 ; 4.001169005118813E-066 ; 4.666869868517413E-00;...
  4.662211914264019E-172 ; 4.164158186126070E-318 ; 2.960209085266817E-006;...
  7.366950282300183E-012 ; 2.646781200760824E-003 ; 1.147179082331901E-004;...
  4.550788442392258E-002 ; 1.144624023863437E-003 ; 7.652662646055607E-004;...
  4.612609891119192E-002 ; 1.555110924588525E-002 ; 4.458643686723691E-003;...
  4.055710173158127E-002 ; 1.285445781195340E-002 ; 4.346089667113008E-008;...
  3.041490202138998E-002 ; 1.087234687529173E-002 ; 2.880269298072337E-004;...
  3.616920062554217E-002 ; 4.505474153258312E-044 ; 1.117442215490685E-024;...
  2.973584067533979E-002 ; 2.609846414746872E-004 ; 1.133778240555617E-005;...
  3.513595529551738E-002 ; 1.605032325105105E-003 ; 2.469582906857323E-012;...
  3.667319447282819E-002 ; 2.479699257534490E-004 ; 5.712016672289849E-019;...
  2.967076301193134E-002 ; 2.005992133220130E-003 ; 1.691254266565250E-003;...
  3.694121392754618E-002]


d1 =[2.030136301653653E-014 ; 3.222140615025270E-003;...
  7.266037177138317E-060 ; 9.091992003267235E-013 ; 1.115043656464505E-003;...
  3.404853904918160E-058 ; 2.974384211854144E-013 ; 1.009916526295256E-003;...
  3.717486335294379E-030 ; 3.770142031865471E-094 ; 3.057009318647348E-029;...
  2.492286023735090E-114 ; 1.635807743162216E-004 ; 9.212385808247802E-004;...
  7.826353375548090E-136 ; 3.840856730044565E-002 ; 4.403625612812696E-037;...
  1.165988402516290E-089 ; 4.973278232873178E-004 ; 9.771253185375051E-032;...
  1.029683197523004E-221 ; 4.726996599919521E-083 ; 0.390835576457042;...
  1.115914856668574E-188 ; 4.819178781625002E-066 ; 5.620977323924945E-002;...
  5.615367084948532E-172 ; 0.000000000000000E+000 ; 3.565402209864360E-006;...
  8.873069455533566E-012 ; 3.187896283809122E-003 ; 1.381711466130328E-004;...
  5.481163898146769E-002 ; 1.378634044621444E-003 ; 9.217193625069158E-004;...
  5.555624290490360E-002 ; 1.873041993792941E-002 ; 5.370180820254314E-003;...
  4.884870493073292E-002 ; 1.548245781605520E-002 ; 5.234615953486508E-008;...
  3.663300657362098E-002 ; 1.309511877674783E-002 ; 3.469119317099172E-004;...
  4.356372949504407E-002 ; 5.426585433598195E-044 ; 1.345895114076750E-024;...
  3.581511609558314E-002 ; 3.143410450585237E-004 ; 1.365570920139503E-005;...
  4.231924470464948E-002 ; 1.933169459993624E-003 ; 2.974471093064263E-012;...
  4.417076120297820E-002 ; 2.986655657742363E-004 ; 6.879796757440414E-019;...
  3.573673377925147E-002 ; 2.416102572061702E-003 ; 2.037018847576019E-003;...
  4.449357527746173E-002]


d1 = [7.228285490780949E-003 ; 1.533596536937332E-002;...
  2.876201438255899E-002 ; 4.787429477904055E-002 ;  7.097093970574288E-002;...
  9.398955256974353E-002 ; 0.111494978653263     ;  0.118744899913902;...
  0.113772112090196     ;  9.823844563550187E-002 ; 7.656251159570443E-002;...
  5.392836024004383E-002 ; 3.437051109185071E-002 ; 1.984072422955291E-002;...
  1.038266620320962E-002 ; 4.929088677402451E-003 ; 2.124286994920397E-003;...
  8.315581659625982E-004 ; 2.958118962665643E-004 ; 9.566738050591500E-005;...
  2.813804572873082E-005 ; 7.529057494563084E-006 ; 1.833243005540649E-006;...
  4.062863450273702E-007 ; 8.197160990528524E-008 ; 1.505873045907308E-008;...
  2.519252407492741E-009 ; 3.838574735997111E-010 ; 5.327618815415682E-011;...
  6.736053328262323E-012 ; 7.759384749867098E-013 ; 8.143956971688301E-014;...
  7.788699124429138E-015 ; 6.788116540317316E-016 ; 5.391651750697501E-017;...
  3.903159601698060E-018 ; 2.575536783511370E-019 ; 1.549220682957682E-020;...
  8.495577036117840E-022 ; 4.247664461180009E-023 ; 1.205979311620763E-027;...
  1.663116182050775E-024 ; 1.055664364453427E-021 ; 3.378165017376075E-019;...
  5.892670180221649E-017 ; 5.991975066514052E-015 ; 3.762988860491653E-013;...
  1.533914794432500E-011 ; 4.236425523840004E-010 ; 8.226273207351625E-009;...
  1.159576804891764E-007 ; 1.219822772443164E-006 ; 9.808114513157837E-006;...
  6.154083165554556E-005 ; 3.067791915411432E-004 ; 1.234044869775486E-003:...
  4.060122022159746E-003 ; 1.105438032590243E-002 ; 2.516102999121453E-002:...
  4.830026851472253E-002]

d2 = [7.905284777576406E-003 ; 1.677232778624623E-002;...
  3.145585696094467E-002 ; 5.235818843025053E-002;  7.761805894657411E-002;...
  0.102792588938063      ; 0.121937568549001     ;  0.129866515496856;...
  0.124427977694911      ; 0.107439432192543     ;  8.373333596500597E-002;...
  5.897927604395374E-002 ; 3.758964397276079E-002;  2.169900115705449E-002;...
  1.135510394429956E-002 ; 5.390745805280018E-003;  2.323247146998535E-003;...
  9.094416814938580E-004 ; 3.235175593942169E-004;  1.046275617902180E-004;...
  3.077344756979875E-005 ; 8.234227006830162E-006;  2.004944055375593E-006;...
  4.443390154938414E-007 ; 8.964904897629761E-008;  1.646912712835793E-008;...
  2.755204914529933E-009 ; 4.198094619639717E-010;  5.826602169484171E-011;...
  7.366950282300183E-012 ; 8.486126651294683E-013;  8.906717804607505E-014;...
  8.518186602341862E-015 ; 7.423889720878667E-016;  5.896632412367150E-017;...
  4.268728486597339E-018 ; 2.816760870160482E-019;  1.694320277984581E-020;...
  9.291270510276156E-022 ; 4.645499579125051E-023;  1.318931011563805E-027;...
  1.818883199076097E-024 ; 1.154537606627089E-021;  3.694563049849731E-019;...
  6.444576094067880E-017 ; 6.553181849464168E-015;  4.115429391240095E-013;...
  1.677580844031713E-011 ; 4.633208005918183E-010;  8.996743756898213E-009]




Qshape1 = [  7.228285490780949E-003 ;  1.533596536937332E-002;...
  2.876201438255899E-002 ; 4.787429477904055E-002 ; 7.097093970574288E-002;...
  9.398955256974353E-002 ; 0.111494978653263      ; 0.118744899913902;...
  0.113772112090196      ; 9.823844563550187E-002 ; 7.656251159570443E-002;...
  5.392836024004383E-002 ; 3.437051109185071E-002 ; 1.984072422955291E-002;...
  1.038266620320962E-002 ; 4.929088677402451E-003 ; 2.124286994920397E-003;...
  5.392836024004383E-002 ; 3.437051109185071E-002 ; 1.984072422955291E-002;...
  1.038266620320962E-002 ; 4.929088677402451E-003 ; 2.124286994920397E-003;...
  8.315581659625982E-004 ; 2.958118962665643E-004 ; 9.566738050591500E-005;...
  2.813804572873082E-005 ; 7.529057494563084E-006 ; 1.833243005540649E-006;...
  4.062863450273702E-007 ; 8.197160990528524E-008 ; 1.505873045907308E-008;...
  2.519252407492741E-009 ; 3.838574735997111E-010 ; 5.327618815415682E-011;...
  6.736053328262323E-012 ; 7.759384749867098E-013 ; 8.143956971688301E-014;...
  7.788699124429138E-015 ; 6.788116540317316E-016 ; 5.391651750697501E-017;...
  3.903159601698060E-018 ; 2.575536783511370E-019 ; 1.549220682957682E-020;...
  8.495577036117840E-022 ; 4.247664461180009E-023 ; 1.205979311620763E-027;...
  1.663116182050775E-024 ; 1.055664364453427E-021 ; 3.378165017376075E-019;...
  5.892670180221649E-017 ; 5.991975066514052E-015 ; 3.762988860491653E-013;...
  1.533914794432500E-011 ; 4.236425523840004E-010 ; 8.226273207351625E-009;...
  1.159576804891764E-007 ; 1.219822772443164E-006 ; 9.808114513157837E-006;...
  6.154083165554556E-005 ; 3.067791915411432E-004 ; 1.234044869775486E-003;...
  4.060122022159746E-003 ; 1.105438032590243E-002 ; 2.516102999121453E-002;...
  4.830026851472253E-002]



Qshape2 =   [7.905284777576406E-003 ; 1.677232778624623E-002;...
  3.145585696094467E-002 ; 5.235818843025053E-002 ; 7.761805894657411E-002;...
  0.102792588938063      ; 0.121937568549001      ; 0.129866515496856;...
  0.124427977694911      ; 0.107439432192543      ; 8.373333596500597E-002;...
  5.897927604395374E-002 ; 3.758964397276079E-002 ; 2.169900115705449E-002;...
  1.135510394429956E-002 ; 5.390745805280018E-003 ; 2.323247146998535E-003;...
  9.094416814938580E-004 ; 3.235175593942169E-004 ; 1.046275617902180E-004;...
  3.077344756979875E-005 ; 8.234227006830162E-006 ; 2.004944055375593E-006;...
  4.443390154938414E-007 ; 8.964904897629761E-008 ; 1.646912712835793E-008;...
  2.755204914529933E-009 ; 4.198094619639717E-010 ; 5.826602169484171E-011;...
  7.366950282300183E-012 ; 8.486126651294683E-013 ; 8.906717804607505E-014;...
  8.518186602341862E-015 ; 7.423889720878667E-016 ; 5.896632412367150E-017;...
  4.268728486597339E-018 ; 2.816760870160482E-019 ; 1.694320277984581E-020;...
  9.291270510276156E-022 ; 4.645499579125051E-023 ; 1.318931011563805E-027;...
  1.818883199076097E-024 ; 1.154537606627089E-021 ; 3.694563049849731E-019;...
  6.444576094067880E-017 ; 6.553181849464168E-015 ; 4.115429391240095E-013;...
  1.677580844031713E-011 ; 4.633208005918183E-010 ; 8.996743756898213E-009;...
  1.268182458458923E-007 ; 1.334071047226187E-006 ; 1.072673989654715E-005;...
  6.730472949725938E-005 ; 3.355120486124266E-004 ; 1.349625182392791E-003;...
  4.440391965400145E-003 ; 1.208973063216062E-002 ; 2.751760533412492E-002;...
  5.282405875214485E-002 ; 8.617921418280172E-002 ; 0.120283541645880]



QQsrc =   [4.092456908162515E-003 ; 8.682802789026544E-003;...
  1.628426334331961E-002;  2.710511208249543E-002 ; 4.018179869181852E-002;...
  5.321430568835946E-002 ; 6.312539760596562E-002 ; 6.723010409335843E-002;...
  6.441464807575796E-002 ; 5.561991235693722E-002 ; 4.334759326893451E-002;...
  3.053275782918746E-002 ; 1.945964028874070E-002 ; 1.123327364971145E-002;...
  5.878380714577997E-003 ; 2.790714760022835E-003 ; 1.202713008274181E-003;...
  4.708054164674272E-004 ; 1.674805788920162E-004 ; 5.416424582794726E-005;...
  1.593098941258004E-005 ; 4.262745763829600E-006 ; 1.037931887435020E-006;...
  2.300281804751627E-007 ; 4.641007631172624E-008 ; 8.525839989855277E-009;...
  1.426331587428048E-009 ; 2.173295688979801E-010 ; 3.016351588908933E-011;...
  3.813768564088617E-012 ; 4.393150735839800E-013 ; 4.610884975568833E-014;...
  4.409747730360546E-015 ; 3.843245326193176E-016 ; 3.052605279867630E-017;...
  2.209861867797406E-018 ; 1.458198256744421E-019 ; 8.771262416688838E-021;...
  4.809962607956004E-022 ; 2.404911066377156E-023 ; 6.827923954080345E-028;...
  9.416107480800697E-025 ; 5.976881968094007E-022 ; 1.912624339465596E-019;...
  3.336268167233927E-017 ; 3.392491869028767E-015 ; 2.130501040267274E-013;...
  8.684604675637607E-012 ; 2.398547888440123E-010 ; 4.657490169528584E-009;...
  6.565205693351226E-008 ; 6.906301830753551E-007 ; 5.553085312777973E-006;...
  3.484273026626033E-005 ; 1.736899605451831E-004 ; 6.986823443451959E-004;...
  2.298729683375472E-003 ; 6.258686819702174E-003 ; 1.424548478824750E-002;...
  2.734628672335749E-002];



